1 2 168.03
1 3 309.38
1 4 374.20
2 6 159.89
3 9 287.72
4 5 162.40
5 13 391.70
6 7 86.49
7 8 183.14
8 12 131.37
9 10 266.24
10 11 90.01
11 19 604.66
12 19 569.11
12 13 294.06
13 14 162.17
14 15 232.17
15 23 517.26
15 16 772.87
16 17 918.79
16 29 361.58
17 18 669.83
17 33 314.38
18 38 271.02
18 40 587.57
19 21 628.12
20 21 233.01
21 22 275.13
22 43 287.73
22 23 312.17
22 25 457.67
23 24 349.28
25 26 463.63
25 27 519.25
26 28 403.63
27 28 147.47
27 32 283.22
28 30 238.29
28 29 468.97
29 30 481.64
30 31 187.91
32 35 444.37
32 34 424.57
32 33 539.85
33 34 314.38
33 36 591.53
34 35 223.89
34 36 463.24
35 37 450.13
35 36 499.25
36 38 430.57
36 39 431.00
37 39 488.86
39 40 539.00
39 41 555.21
39 42 719.72
39 49 671.74
40 41 216.37
41 42 388.34
43 44 273.07
44 45 880.47
45 46 180.67
45 47 367.93
46 47 337.81
47 48 426.90
48 49 566.49